1,-635
2,-905
3,-227
4,-98
5,812
6,-26
7,429
8,-157
9,-687
10,840
11,775
12,-571
13,47
14,-161
15,-344
16,425
17,856
18,190
19,-80
20,932
21,-127
22,347
23,-641
24,18
25,-822
26,47
27,628
28,-110
29,620
30,-132
31,-331
32,-51
33,-47
34,-839
35,-302
36,708
37,-178
38,-215
39,23
40,845
41,-286
42,485
43,309
44,-460
45,-774
46,550
47,-779
48,-785
49,241
50,-604
51,-338
52,390
53,911
54,-738
55,-291
56,-788
57,825
58,856
59,210
60,-661
61,-197
62,736
63,-186
64,452
65,310
66,185
67,645
68,-867
69,-52
70,-902
71,-127
72,-336
73,634
74,-59
75,-869
76,-314
77,-745
78,222
79,-394
80,190
81,885
82,49
83,-816
84,-418
85,-24
86,-3
87,-430
88,243
89,783
90,263
91,-549
92,-244
93,429
94,166
95,682
96,785
97,-272
98,895
99,727
100,863
101,48
102,-946
103,293
104,-375
105,970
106,274
107,905
108,982
109,962
110,-439
111,-949
112,247
113,-782
114,27
115,230
116,-944
117,-85
118,-944
119,-278
120,-679
121,159
122,-816
123,877
124,-364
125,-820
126,-401
127,234
128,681
129,886
130,-952
131,766
132,-929
133,580
134,615
135,807
136,-986
137,967
138,551
139,-516
140,-763
141,-463
142,328
143,9
144,734
145,674
146,-206
147,797
148,60
149,-64
150,746
151,931
152,76
153,-41
154,-68
155,619
156,134
157,559
158,885
159,49
160,-93
161,-344
162,-46
163,497
164,916
165,-285
166,-277
167,695
168,431
169,551
170,14
171,-538
172,810
173,531
174,-956
175,-730
176,-299
177,-699
178,-974
179,686
180,-353
181,500
182,291
183,851
184,618
185,223
186,-155
187,-931
188,-755
189,-890
190,-247
191,496
192,921
193,-418
194,-193
195,265
196,915
197,-372
198,942
199,288
200,274
201,449
202,281
203,841
204,-736
205,174
206,-179
207,-102
208,-833
209,177
210,-719
211,100
212,-530
213,-529
214,404
215,34
216,-864
217,49
218,-926
219,843
220,424
221,-44
222,-342
223,-481
224,773
225,256
226,-345
227,-378
228,838
229,-139
230,520
231,930
232,96
233,-628
234,-837
235,-279
236,-771
237,-491
238,292
239,-985
240,-618
241,-677
242,292
243,409
244,464
245,329
246,74
247,455
248,855
249,-888
250,-667
251,362
252,262
253,494
254,-685
255,-367
256,19
257,489
258,993
259,-337
260,637
261,885
262,-72
263,-446
264,449
265,-458
266,-140
267,599
268,29
269,660
270,803
271,-235
272,617
273,-566
274,-569
275,-51
276,493
277,186
278,-389
279,707
280,825
281,470
282,-945
283,289
284,-716
285,-447
286,-678
287,542
288,591
289,-517
290,35
291,764
292,635
293,-484
294,457
295,-58
296,-286
297,441
298,661
299,-171
300,-826
301,-914
302,163
303,-948
304,-699
305,-909
306,252
307,-557
308,-686
309,-500
310,-15
311,333
312,-325
313,-365
314,340
315,-307
316,918
317,671
318,-732
319,-468
320,-941
321,948
322,110
323,689
324,-321
325,-179
326,866
327,-184
328,-609
329,-321
330,-827
331,84
332,974
333,451
334,-503
335,-953
336,-322
337,-387
338,-693
339,-880
340,-565
341,-184
342,-965
343,-569
344,-406
345,910
346,-571
347,-99
348,-581
349,425
350,734
351,70
352,520
353,456
354,707
355,350
356,646
357,-321
358,662
359,1
360,-478
361,392
362,-792
363,-328
364,-18
365,274
366,660
367,53
368,-340
369,529
370,-89
371,-378
372,213
373,-935
374,-479
375,-927
376,373
377,898
378,-350
379,-201
380,-376
381,-345
382,-267
383,-428
384,-260
385,242
386,-276
387,-326
388,228
389,627
390,667
391,-810
392,674
393,-309
394,953
395,578
396,905
397,844
398,737
399,726
400,327
401,385
402,-80
403,103
404,155
405,867
406,521
407,722
408,-575
409,-842
410,-71
411,60
412,291
413,-717
414,-313
415,198
416,479
417,730
418,837
419,-362
420,708
421,548
422,428
423,548
424,-453
425,-238
426,724
427,819
428,551
429,823
430,-903
431,-100
432,502
433,-979
434,405
435,421
436,-225
437,445
438,-347
439,737
440,368
441,102
442,-2
443,-715
444,-519
445,-649
446,948
447,243
448,-381
449,12
450,-622
451,-358
452,-848
453,691
454,-913
455,11
456,204
457,429
458,-421
459,336
460,-505
461,-588
462,-678
463,687
464,-320
465,-770
466,-852
467,987
468,-761
469,278
470,879
471,-443
472,-758
473,584
474,-328
475,-425
476,-380
477,17
478,-93
479,-118
480,445
481,-129
482,-955
483,136
484,347
485,582
486,947
487,798
488,-544
489,627
490,192
491,-550
492,449
493,724
494,555
495,-342
496,-715
497,547
498,-368
499,561
500,128
501,-477
502,-593
503,-43
504,219
505,-67
506,944
507,31
508,-480
509,690
510,-203
511,-123
512,-582
513,-739
514,-137
515,-163
516,-565
517,-629
518,-544
519,-515
520,-911
521,679
522,353
523,-290
524,49
525,-58
526,151
527,-930
528,-622
529,-935
530,-652
531,211
532,-427
533,318
534,-505
535,-484
536,650
537,496
538,486
539,-883
540,570
541,-249
542,-855
543,-199
544,-198
545,500
546,938
547,613
548,342
549,566
550,-623
551,264
552,750
553,189
554,739
555,-261
556,-181
557,85
558,-722
559,968
560,-261
561,-809
562,-575
563,869
564,979
565,-836
566,-811
567,277
568,-919
569,515
570,-744
571,-42
572,708
573,301
574,117
575,-346
576,-944
577,413
578,371
579,434
580,-388
581,637
582,-599
583,621
584,-165
585,429
586,639
587,618
588,702
589,321
590,354
591,543
592,-107
593,107
594,195
595,-316
596,20
597,662
598,104
599,-653
600,95
601,-233
602,-748
603,-328
604,-233
605,-110
606,162
607,-618
608,-643
609,90
610,941
611,64
612,-313
613,849
614,-423
615,-719
616,6
617,-267
618,-511
619,-704
620,-432
621,-394
622,129
623,-719
624,147
625,626
626,502
627,-703
628,202
629,-654
630,-334
631,902
632,-115
633,-578
634,855
635,-931
636,287
637,-415
638,24
639,-20
640,222
641,494
642,641
643,899
644,-655
645,-25
646,-858
647,-529
648,205
649,74
650,-354
651,-513
652,-328
653,-772
654,646
655,102
656,-671
657,-621
658,-266
659,927
660,192
661,-267
662,403
663,-728
664,2
665,763
666,-976
667,376
668,317
669,779
670,786
671,375
672,455
673,113
674,-148
675,279
676,879
677,233
678,43
679,-528
680,570
681,396
682,-509
683,357
684,-580
685,-519
686,15
687,494
688,-716
689,788
690,313
691,356
692,156
693,-604
694,650
695,-199
696,-603
697,350
698,-511
699,-153
700,648
701,147
702,-211
703,527
704,-979
705,-68
706,973
707,279
708,155
709,-252
710,-538
711,670
712,-217
713,-313
714,835
715,943
716,631
717,-102
718,41
719,-944
720,-98
721,-54
722,153
723,723
724,67
725,502
726,124
727,308
728,149
729,239
730,-602
731,865
732,-430
733,763
734,-204
735,-146
736,398
737,-476
738,176
739,-604
740,9
741,787
742,47
743,-288
744,-602
745,-143
746,-561
747,-120
748,94
749,742
750,673
751,879
752,-135
753,917
754,-744
755,111
756,-572
757,-105
758,-988
759,-535
760,-605
761,109
762,-328
763,-19
764,210
765,620
766,-345
767,-199
768,9
769,682
770,-313
771,476
772,501
773,-689
774,19
775,145
776,411
777,74
778,753
779,-10
780,921
781,-878
782,674
783,-390
784,417
785,-617
786,250
787,753
788,-285
789,-740
790,209
791,243
792,211
793,-954
794,626
795,617
796,-211
797,863
798,-332
799,-986
800,877
801,116
802,672
803,-191
804,286
805,-863
806,-672
807,-260
808,-172
809,-111
810,-203
811,-177
812,-889
813,599
814,-294
815,-509
816,-725
817,-80
818,27
819,868
820,407
821,-115
822,623
823,-268
824,-677
825,488
826,772
827,429
828,172
829,216
830,681
831,321
832,-456
833,-889
834,-979
835,-246
836,-375
837,910
838,54
839,808
840,-263
841,206
842,257
843,151
844,433
845,951
846,327
847,834
848,544
849,-542
850,-878
851,-485
852,-566
853,397
854,-74
855,-830
856,-380
857,-158
858,182
859,13
860,-229
861,304
862,395
863,-488
864,-921
865,628
866,-502
867,-23
868,-798
869,-713
870,-70
871,303
872,798
873,-663
874,-624
875,311
876,266
877,867
878,-21
879,790
880,759
881,414
882,-482
883,964
884,-157
885,654
886,-307
887,231
888,-753
889,105
890,336
891,953
892,296
893,-419
894,940
895,416
896,51
897,375
898,-554
899,35
900,364
901,170
902,-933
903,-344
904,492
905,814
906,232
907,-283
908,-767
909,-865
910,896
911,-675
912,433
913,-920
914,-944
915,218
916,432
917,-940
918,149
919,995
920,450
921,799
922,866
923,-949
924,966
925,867
926,-865
927,576
928,-621
929,723
930,506
931,-590
932,-200
933,586
934,-127
935,-872
936,-365
937,506
938,974
939,-195
940,833
941,67
942,366
943,804
944,220
945,640
946,799
947,-911
948,199
949,-461
950,376
951,262
952,494
953,-631
954,87
955,-765
956,-858
957,-484
958,922
959,-732
960,6
961,640
962,-119
963,-744
964,897
965,-699
966,7
967,333
968,-580
969,479
970,-241
971,-916
972,906
973,702
974,-21
975,-705
976,985
977,-175
978,221
979,-786
980,-36
981,-707
982,437
983,260
984,-995
985,138
986,858
987,760
988,-301
989,48
990,-256
991,-158
992,-945
993,152
994,679
995,-246
996,339
997,935
998,-20
999,774
1000,-443
